0.13
0.17
0.20
0.23
0.27
0.30
0.33
0.37
0.40
0.43
0.47
0.50
0.53
0.57
0.60
0.63
0.67
0.70
0.73
0.77
0.80
0.83
0.87
0.90
0.93
0.97
1.00
1.03
1.07
1.10
1.13
1.17
1.20
1.23
1.27
1.30
1.33
1.37
1.40
1.43
1.47
1.50
1.53
1.57
1.60
1.63
1.67
1.70
1.73
1.77
1.80
1.83
1.87
1.90
1.93
1.97
2.00
2.03
2.07
2.10
2.13
2.17
2.20
2.23
2.27
2.30
2.33
2.37
2.40
2.43
2.47
2.50
2.53
2.57
2.60
2.63
2.67
2.70
2.73
2.77
2.80
2.83
2.87
2.90
2.93
2.97
3.00
3.03
3.07
3.10
3.13
3.17
3.20
3.23
3.27
3.30
3.33
3.37
3.40
3.43
3.47
3.50
3.53
3.57
3.60
3.63
3.67
3.70
3.73
3.77
3.80
3.83
3.87
3.90
3.93
3.97
4.00
4.03
4.07
4.10
4.13
4.17
4.20
4.23
4.27
4.30
4.33
4.37
4.40
4.43
4.47
4.50
4.53
4.57
4.60
4.63
4.67
4.70
4.73
4.77
4.80
4.83
4.87
4.90
4.93
4.97
5.00
0.10
0.07
0.03
-5.00
-0.07
-3.27
-3.30
-3.33
-3.37
-3.40
-3.43
-3.23
-3.47
-3.53
-3.57
-3.60
-3.63
-3.67
-3.70
-3.50
-3.20
-3.17
-3.13
-2.63
-2.67
-2.70
-2.73
-2.77
-2.80
-2.83
-2.87
-2.90
-2.93
-2.97
-3.00
-3.03
-3.07
-3.10
-3.73
-3.77
-3.80
-3.83
-4.50
-4.53
-4.57
-4.60
-4.63
-4.67
-4.70
-4.73
-4.77
-4.80
-4.83
-4.87
-4.90
-4.93
-4.97
-4.47
-2.60
-4.43
-4.37
-3.87
-3.90
-3.93
-3.97
-4.00
-4.03
-4.07
-4.10
-4.13
-4.17
-4.20
-4.23
-4.27
-4.30
-4.33
-4.40
-2.57
-2.53
-2.50
-0.73
-0.77
-0.80
-0.83
-0.87
-0.90
-0.93
-0.97
-1.00
-1.03
-1.07
-1.10
-1.13
-1.17
-1.20
-0.70
-1.23
-0.67
-0.60
-0.10
-0.13
-0.17
-0.20
-0.23
-0.27
-0.30
-0.33
-0.37
-0.40
-0.43
-0.47
-0.50
-0.53
-0.57
-0.63
-0.03
-1.27
-1.33
-2.00
-2.03
-2.07
-2.10
-2.13
-2.17
-2.20
-2.23
-2.27
-2.30
-2.33
-2.37
-2.40
-2.43
-2.47
-1.97
-1.30
-1.93
-1.87
-1.37
-1.40
-1.43
-1.47
-1.50
-1.53
-1.57
-1.60
-1.63
-1.67
-1.70
-1.73
-1.77
-1.80
-1.83
-1.90
0.00
5.00
4.97
4.93
4.90
4.87
4.83
4.80
4.77
4.73
4.70
4.67
4.63
4.60
4.57
4.53
4.50
4.47
4.43
4.40
4.37
4.33
4.30
4.27
4.23
4.20
4.17
4.13
4.10
4.07
4.03
4.00
3.97
3.93
3.90
3.87
3.83
3.80
3.77
3.73
3.70
3.67
3.63
3.60
3.57
3.53
3.50
3.47
3.43
3.40
3.37
3.33
3.30
3.27
3.23
3.20
3.17
3.13
3.10
3.07
3.03
3.00
2.97
2.93
2.90
2.87
2.83
2.80
2.77
2.73
2.70
2.67
2.63
2.60
2.57
2.53
2.50
2.47
2.43
2.40
2.37
2.33
2.30
2.27
2.23
2.20
2.17
2.13
2.10
2.07
2.03
2.00
1.97
1.93
1.90
1.87
1.83
1.80
1.77
1.73
1.70
1.67
1.63
1.60
1.57
1.53
1.50
1.47
1.43
1.40
1.37
1.33
1.30
1.27
1.23
1.20
1.17
1.13
1.10
1.07
1.03
1.00
0.97
0.93
0.90
0.87
0.83
0.80
0.77
0.73
0.70
0.67
0.63
0.60
0.57
0.53
0.50
0.47
0.43
0.40
0.37
0.33
0.30
0.27
0.23
0.20
0.17
0.13
0.03
0.10
0.07
-5.00
-0.07
-3.27
-3.30
-3.33
-3.37
-3.40
-3.43
-3.23
-3.47
-3.53
-3.57
-3.60
-3.63
-3.67
-3.70
-3.50
-3.20
-3.17
-3.13
-2.63
-2.67
-2.70
-2.73
-2.77
-2.80
-2.83
-2.87
-2.90
-2.93
-2.97
-3.00
-3.03
-3.07
-3.10
-3.73
-3.77
-3.80
-3.83
-4.50
-4.53
-4.57
-4.60
-4.63
-4.67
-4.70
-4.73
-4.77
-4.80
-4.83
-4.87
-4.90
-4.93
-4.97
-4.47
-2.60
-4.43
-4.37
-3.87
-3.90
-3.93
-3.97
-4.00
-4.03
-4.07
-4.10
-4.13
-4.17
-4.20
-4.23
-4.27
-4.30
-4.33
-4.40
-2.57
-2.53
-2.50
-0.73
-0.77
-0.80
-0.83
-0.87
-0.90
-0.93
-0.97
-1.00
-1.03
-1.07
-1.10
-1.13
-1.17
-1.20
-0.70
-1.23
-0.67
-0.60
-0.10
-0.13
-0.17
-0.20
-0.23
-0.27
-0.30
-0.33
-0.37
-0.40
-0.43
-0.47
-0.50
-0.53
-0.57
-0.63
-0.03
-1.27
-1.33
-2.00
-2.03
-2.07
-2.10
-2.13
-2.17
-2.20
-2.23
-2.27
-2.30
-2.33
-2.37
-2.40
-2.43
-2.47
-1.97
-1.30
-1.93
-1.87
-1.37
-1.40
-1.43
-1.47
-1.50
-1.53
-1.57
-1.60
-1.63
-1.67
-1.70
-1.73
-1.77
-1.80
-1.83
-1.90
0.00
